Seeds: [3584, 88201, 29375, 23301]
Maximum Absolute Correlation: 0.045821

Correlation Matrix:
1.000000 0.032196 -0.017563 -0.033776
0.032196 1.000000 0.045821 -0.042994
-0.017563 0.045821 1.000000 0.031705
-0.033776 -0.042994 0.031705 1.000000

Sequence 1: [1, 0, -1, -1, 1, 0, 0, 0, -1, -1, 1, -1, -1, 1, -1, 0, 0, 1, 0, 1, 0, -1, 0, -1, -1, -1, 1, -1, 0, 1, -1, 0, -1, 0, 1, 0, 1, -1, 0]

Sequence 2: [0, 0, 1, 0, 0, -1, -1, 0, -1, 1, 0, 0, 0, 0, 1, -1, -1, 0, -1, 1, 0, 0, 1, -1, 0, -1, -1, 0, 1, 0, -1, -1, 0, -1, 1, 1, 0, 1, 1]

Sequence 3: [0, 0, -1, 1, -1, 0, 1, -1, -1, 1, -1, 1, 1, 1, 0, 1, 0, 1, 1, 1, -1, 1, 0, 1, -1, -1, -1, -1, 1, -1, 1, 1, -1, -1, 1, 0, 1, 1, -1]

Sequence 4: [-1, 0, -1, -1, 1, 0, 0, 0, -1, 0, -1, 1, -1, -1, 1, 1, 1, -1, 0, 0, 0, 1, 0, 1, 0, 0, 0, 1, 1, 1, 0, 0, 0, 0, 1, 0, 0, -1, 0]

