Seeds: [92730, 17280, 89140, 92582]
Maximum Absolute Correlation: 0.049428

Correlation Matrix:
1.000000 -0.041406 -0.045940 0.025715
-0.041406 1.000000 -0.011093 -0.034151
-0.045940 -0.011093 1.000000 0.049428
0.025715 -0.034151 0.049428 1.000000

Sequence 1: [-1, 0, 1, 0, -1, -1, -1, 1, 1, 0, 0, -1, -1, 0, 1, 1, 0, 0, -1, 0, -1, 1, 1, -1, 1, 1, -1, 0, 0, -1, 1, -1, -1, 0, 1, 1, 0, -1, 1]

Sequence 2: [0, 1, 1, -1, -1, 0, 0, 0, -1, -1, 0, -1, -1, -1, 0, -1, 1, 1, 0, 0, 0, -1, 1, 0, 0, 1, 1, 1, -1, 0, 0, -1, 1, 1, -1, 0, 0, 1, -1]

Sequence 3: [0, 0, 0, -1, -1, -1, -1, 0, -1, 0, -1, -1, 0, 0, 1, 1, -1, 0, 1, 1, 0, 0, 0, 1, 0, -1, 0, -1, 0, -1, 0, 1, 1, -1, 1, -1, 0, 1, -1]

Sequence 4: [1, 1, 0, -1, 0, 1, 1, 1, 0, -1, -1, -1, -1, 0, 0, -1, -1, -1, 0, 0, -1, 0, 0, 0, -1, -1, -1, -1, -1, -1, -1, -1, -1, -1, 0, -1, -1, 0, 1]

